Узлы [0, 1, 2, 3, 4, 5, 6, 7, 8, 9, 10, 11, 12, 13, 14, 15, 16, 17, 18, 19, 20, 21, 22, 23, 24, 25, 26, 27, 28, 30, 31]
Рёбра [(0, 4), (0, 5), (0, 19), (0, 20), (2, 12), (3, 4), (3, 19), (4, 19), (6, 7), (6, 8), (6, 9), (6, 10), (6, 11), (6, 12), (7, 10), (9, 11), (9, 12), (9, 13), (9, 16), (10, 11), (11, 12), (11, 13), (11, 16), (12, 13), (12, 14), (12, 18), (12, 27), (12, 28), (13, 16), (17, 18), (17, 25), (17, 27), (18, 25), (18, 27), (19, 20), (19, 28), (20, 28), (21, 22), (21, 26), (21, 30), (21, 31), (22, 26), (23, 24), (25, 27), (26, 30), (26, 31), (30, 31)]
Узлов 31
Рёбер 47
Радиус компонент связности:
3
1
1
0
0
Центральные вершины:
12 приятель
6 дружок
11 подружка
9 подруга
19 дружеский
0 дружба
13 приятельница
18 дружески
21 дружить
26 подружиться
27 по-приятельски
4 дружественность
10 подруженька
16 товарка
17 дружелюбно
20 дружественный
25 по-дружески
28 приятельский
30 сдружить
31 сдружиться
3 дружелюбие
7 дружочек
22 дружиться
2 друг
5 дружество
8 кореш
14 товарищ
23 дружно
24 дружный
1 благожелатель
15 товарищество
Кластерный коэффициент:
0.5258064516129032
0.5131578947368421